Map:
[['O' 'O' 'O' 'O' 'O']
 ['O' 'X' 'X' 'O' 'O']
 ['O' 'O' 'S' 'O' 'O']
 ['O' 'X' 'X' 'O' 'O']
 ['O' 'O' 'S' 'O' 'O']]
Number of agents: 2
p_e = 0.2
Rewards:
[[ 0  0  0  0 -1]
 [ 0  0  0  0 -1]
 [ 0  0  1  0 -1]
 [ 0  0  0  0 -1]
 [ 0  0 10  0 -1]]
Collision Penalty R_C = -1
gamma = 0.9

Generating optimal policy using VI
0
1
2
3
4
5
6
7
8
9
10
11
12
13
14
15
16
17
18
19
20
21
22
23
24
25
26
27
28
29
30
31
32
33
34
35
36
37
38
39
40
41
42
43
44
45
46
47
48
49
50
51
52
53
54
55
56
57
58
59
60
61
62
63
64
65
66
67
68
69
70
71
Used 72 value iterations to find optimal policy
Policy:
[['d' 'd']
 ['d' 'd']
 ['d' 'd']
 ...
 ['l' 'd']
 ['l' 'l']
 ['l' 'l']]
Values:
[ 76.97912666  84.07590324  92.24548646 102.07800341 112.91886209
  71.27664181  77.95518416  84.86598293 111.5316318  125.32841695
  75.210636    84.23212655  91.05510298 123.62137352 128.4484535
  81.95125821  90.27193435  99.92895763 111.5608533  124.54685268
  75.56729486  82.57686207  91.19506959 101.22209179 111.99257042
  84.07590324  91.17267982  99.34226304 109.17477998 120.01563867
  78.37341839  85.05196074  91.96275951 118.62840838 132.42519353
  82.30741258  91.32890313  98.15187955 130.7181501  135.54523008
  89.04803478  97.36871092 107.02573421 118.65762988 131.64362925
  82.66407143  89.67363864  98.29184616 108.31886836 119.08934699
  92.24548646  99.34226304 107.51184626 117.34436321 128.18522189
  86.54300161  93.22154396 100.13234273 126.7979916  140.59477675
  90.4769958   99.49848635 106.32146278 138.88773332 143.7148133
  97.21761801 105.53829415 115.19531743 126.8272131  139.81321248
  90.83365466  97.84322186 106.46142938 116.48845158 127.25893021
 102.07800341 109.17477998 117.34436321 127.17688015 138.01773883
  96.37551856 103.05406091 109.96485968 136.63050855 150.4272937
 100.30951274 109.33100329 116.15397972 148.72025026 153.54733024
 107.05013495 115.37081109 125.02783437 136.65973004 149.64572942
 100.6661716  107.67573881 116.29394633 126.32096853 137.09144716
 112.91886209 120.01563867 128.18522189 138.01773883 148.85859752
 107.21637724 113.89491959 120.80571836 147.47136723 161.26815238
 111.15037143 120.17186198 126.99483841 159.56110895 164.38818893
 117.89099364 126.21166977 135.86869306 147.50058873 160.48658811
 111.50703029 118.51659749 127.13480501 137.16182721 147.93230584
  71.27664181  78.37341839  86.54300161  96.37551856 107.21637724
  65.57415696  72.25269931  79.16349808 105.82914695 119.6259321
  69.50815115  78.5296417   85.35261813 117.91888867 122.74596865
  76.24877336  84.5694495   94.22647278 105.85836845 118.84436783
  69.86481001  76.87437721  85.49258473  95.51960694 106.29008556
  77.95518416  85.05196074  93.22154396 103.05406091 113.89491959
  72.25269931  78.93124166  85.84204043 112.5076893  126.30447445
  76.1866935   85.20818405  92.03116048 124.59743102 129.424511
  82.92731571  91.24799185 100.90501513 112.5369108  125.52291018
  76.54335236  83.55291957  92.17112708 102.19814929 112.96862791
  84.86598293  91.96275951 100.13234273 109.96485968 120.80571836
  79.16349808  85.84204043  92.7528392  119.41848807 133.21527322
  83.09749227  92.11898282  98.94195925 131.50822979 136.33530977
  89.83811448  98.15879062 107.8158139  119.44770957 132.43370895
  83.45415113  90.46371833  99.08192585 109.10894806 119.87942668
 111.5316318  118.62840838 126.7979916  136.63050855 147.47136723
 105.82914695 112.5076893  119.41848807 146.08413694 159.88092209
 109.76314114 118.78463169 125.60760812 158.17387866 163.00095864
 116.50376335 124.82443949 134.48146277 146.11335844 159.09935782
 110.1198     117.12936721 125.74757472 135.77459693 146.54507555
 125.32841695 132.42519353 140.59477675 150.4272937  161.26815238
 119.6259321  126.30447445 133.21527322 159.88092209 173.67770724
 123.55992629 132.58141684 139.40439327 171.97066381 176.79774379
 130.3005485  138.62122464 148.27824792 159.91014359 172.89614297
 123.91658515 130.92615235 139.54435987 149.57138208 160.3418607
  75.210636    82.30741258  90.4769958  100.30951274 111.15037143
  69.50815115  76.1866935   83.09749227 109.76314114 123.55992629
  73.44214534  82.46363589  89.28661231 121.85288286 126.67996284
  80.18276754  88.50344368  98.16046697 109.79236264 122.77836202
  73.79880419  80.8083714   89.42657892  99.45360112 110.22407975
  84.23212655  91.32890313  99.49848635 109.33100329 120.17186198
  78.5296417   85.20818405  92.11898282 118.78463169 132.58141684
  82.46363589  91.48512643  98.30810286 130.8743734  135.70145339
  89.20425809  97.52493423 107.18195751 118.81385318 131.79985256
  82.82029474  89.82986195  98.44806947 108.47509167 119.2455703
  91.05510298  98.15187955 106.32146278 116.15397972 126.99483841
  85.35261813  92.03116048  98.94195925 125.60760812 139.40439327
  89.28661231  98.30810286 105.13107929 137.69734983 142.52442981
  96.02723452 104.34791066 114.00493394 125.63682961 138.62282899
  89.64327117  96.65283838 105.2710459  115.2980681  126.06854673
 123.62137352 130.7181501  138.88773332 148.72025026 159.56110895
 117.91888867 124.59743102 131.50822979 158.17387866 171.97066381
 121.85288286 130.8743734  137.69734983 170.26362037 175.09070036
 128.59350506 136.9141812  146.57120449 158.20310015 171.18909953
 122.20954171 129.21910892 137.83731644 147.86433864 158.63481727
 128.4484535  135.54523008 143.7148133  153.54733024 164.38818893
 122.74596865 129.424511   136.33530977 163.00095864 176.79774379
 126.67996284 135.70145339 142.52442981 175.09070036 179.91778034
 133.42058504 141.74126118 151.39828447 163.03018014 176.01617951
 127.03662169 134.0461889  142.66439642 152.69141862 163.46189725
  81.95125821  89.04803478  97.21761801 107.05013495 117.89099364
  76.24877336  82.92731571  89.83811448 116.50376335 130.3005485
  80.18276754  89.20425809  96.02723452 128.59350506 133.42058504
  86.92338975  95.24406589 104.90108917 116.53298484 129.51898422
  80.5394264   87.54899361  96.16720113 106.19422333 116.96470196
  90.27193435  97.36871092 105.53829415 115.37081109 126.21166977
  84.5694495   91.24799185  98.15879062 124.82443949 138.62122464
  88.50344368  97.52493423 104.34791066 136.9141812  141.74126118
  95.24406589 103.56474203 113.22176531 124.85366098 137.83966036
  88.86010254  95.86966975 104.48787727 114.51489947 125.2853781
  99.92895763 107.02573421 115.19531743 125.02783437 135.86869306
  94.22647278 100.90501513 107.8158139  134.48146277 148.27824792
  98.16046697 107.18195751 114.00493394 146.57120449 151.39828447
 104.90108917 113.22176531 122.8787886  134.51068426 147.49668364
  98.51712582 105.52669303 114.14490055 124.17192275 134.94240138
 111.5608533  118.65762988 126.8272131  136.65973004 147.50058873
 105.85836845 112.5369108  119.44770957 146.11335844 159.91014359
 109.79236264 118.81385318 125.63682961 158.20310015 163.03018014
 116.53298484 124.85366098 134.51068426 146.14257993 159.12857931
 110.14902149 117.1585887  125.77679622 135.80381842 146.57429705
 124.54685268 131.64362925 139.81321248 149.64572942 160.48658811
 118.84436783 125.52291018 132.43370895 159.09935782 172.89614297
 122.77836202 131.79985256 138.62282899 171.18909953 176.01617951
 129.51898422 137.83966036 147.49668364 159.12857931 172.11457869
 123.13502087 130.14458808 138.7627956  148.7898178  159.56029643
  75.56729486  82.66407143  90.83365466 100.6661716  111.50703029
  69.86481001  76.54335236  83.45415113 110.1198     123.91658515
  73.79880419  82.82029474  89.64327117 122.20954171 127.03662169
  80.5394264   88.86010254  98.51712582 110.14902149 123.13502087
  74.15546305  81.16503026  89.78323778  99.81025998 110.58073861
  82.57686207  89.67363864  97.84322186 107.67573881 118.51659749
  76.87437721  83.55291957  90.46371833 117.12936721 130.92615235
  80.8083714   89.82986195  96.65283838 129.21910892 134.0461889
  87.54899361  95.86966975 105.52669303 117.1585887  130.14458808
  81.16503026  88.17459747  96.79280499 106.81982719 117.59030582
  91.19506959  98.29184616 106.46142938 116.29394633 127.13480501
  85.49258473  92.17112708  99.08192585 125.74757472 139.54435987
  89.42657892  98.44806947 105.2710459  137.83731644 142.66439642
  96.16720113 104.48787727 114.14490055 125.77679622 138.7627956
  89.78323778  96.79280499 105.41101251 115.43803471 126.20851334
 101.22209179 108.31886836 116.48845158 126.32096853 137.16182721
  95.51960694 102.19814929 109.10894806 135.77459693 149.57138208
  99.45360112 108.47509167 115.2980681  147.86433864 152.69141862
 106.19422333 114.51489947 124.17192275 135.80381842 148.7898178
  99.81025998 106.81982719 115.43803471 125.46505691 136.23553554
 111.99257042 119.08934699 127.25893021 137.09144716 147.93230584
 106.29008556 112.96862791 119.87942668 146.54507555 160.3418607
 110.22407975 119.2455703  126.06854673 158.63481727 163.46189725
 116.96470196 125.2853781  134.94240138 146.57429705 159.56029643
 110.58073861 117.59030582 126.20851334 136.23553554 147.00601417]

Generating optimal policy using PI
0
1
2
3
Used 4 policy iterations to find optimal policy
Policy:
[['d' 'd']
 ['d' 'd']
 ['d' 'd']
 ...
 ['l' 'd']
 ['l' 'l']
 ['l' 'l']]
Values:
[ 77.06134633  84.1581229   92.32770613 102.16022307 113.00108176
  71.35886148  78.03740383  84.9482026  111.61385147 125.41063662
  75.29285566  84.31434621  91.13732264 123.70359318 128.53067316
  82.03347787  90.35415401 100.01117729 111.64307296 124.62907234
  75.64951452  82.65908173  91.27728925 101.30431145 112.07479008
  84.1581229   91.25489948  99.4244827  109.25699965 120.09785833
  78.45563805  85.1341804   92.04497917 118.71062804 132.50741319
  82.38963224  91.41112279  98.23409922 130.80036976 135.62744974
  89.13025445  97.45093059 107.10795387 118.73984954 131.72584892
  82.7462911   89.75585831  98.37406582 108.40108803 119.17156665
  92.32770613  99.4244827  107.59406592 117.42658287 128.26744155
  86.62522128  93.30376363 100.21456239 126.88021127 140.67699641
  90.55921546  99.58070601 106.40368244 138.96995298 143.79703296
  97.29983767 105.62051381 115.27753709 126.90943276 139.89543214
  90.91587432  97.92544153 106.54364905 116.57067125 127.34114988
 102.16022307 109.25699965 117.42658287 127.25909981 138.0999585
  96.45773822 103.13628057 110.04707934 136.71272821 150.50951336
 100.39173241 109.41322296 116.23619938 148.80246993 153.62954991
 107.13235461 115.45303075 125.11005404 136.74194971 149.72794908
 100.74839126 107.75795847 116.37616599 126.40318819 137.17366682
 113.00108176 120.09785833 128.26744155 138.0999585  148.94081718
 107.2985969  113.97713926 120.88793802 147.5535869  161.35037204
 111.23259109 120.25408164 127.07705807 159.64332861 164.47040859
 117.9732133  126.29388944 135.95091272 147.58280839 160.56880777
 111.58924995 118.59881716 127.21702468 137.24404688 148.01452551
  71.35886148  78.45563805  86.62522128  96.45773822 107.2985969
  65.65637663  72.33491898  79.24571775 105.91136662 119.70815177
  69.59037081  78.61186136  85.43483779 118.00110833 122.82818831
  76.33099302  84.65166916  94.30869244 105.94058811 118.92658749
  69.94702967  76.95659688  85.5748044   95.6018266  106.37230523
  78.03740383  85.1341804   93.30376363 103.13628057 113.97713926
  72.33491898  79.01346133  85.9242601  112.58990897 126.38669412
  76.26891316  85.29040371  92.11338014 124.67965068 129.50673066
  83.00953537  91.33021151 100.98723479 112.61913046 125.60512984
  76.62557202  83.63513923  92.25334675 102.28036895 113.05084758
  84.9482026   92.04497917 100.21456239 110.04707934 120.88793802
  79.24571775  85.9242601   92.83505887 119.50070774 133.29749289
  83.17971193  92.20120248  99.02417891 131.59044945 136.41752943
  89.92033414  98.24101028 107.89803356 119.52992923 132.51592861
  83.53637079  90.545938    99.16414552 109.19116772 119.96164635
 111.61385147 118.71062804 126.88021127 136.71272821 147.5535869
 105.91136662 112.58990897 119.50070774 146.16635661 159.96314176
 109.8453608  118.86685135 125.68982778 158.25609832 163.0831783
 116.58598301 124.90665915 134.56368243 146.1955781  159.18157748
 110.20201966 117.21158687 125.82979439 135.85681659 146.62729522
 125.41063662 132.50741319 140.67699641 150.50951336 161.35037204
 119.70815177 126.38669412 133.29749289 159.96314176 173.75992691
 123.64214595 132.6636365  139.48661293 172.05288347 176.87996345
 130.38276816 138.7034443  148.36046758 159.99236325 172.97836263
 123.99880481 131.00837202 139.62657954 149.65360174 160.42408037
  75.29285566  82.38963224  90.55921546 100.39173241 111.23259109
  69.59037081  76.26891316  83.17971193 109.8453608  123.64214595
  73.524365    82.54585555  89.36883198 121.93510252 126.7621825
  80.26498721  88.58566335  98.24268663 109.8745823  122.86058168
  73.88102386  80.89059107  89.50879859  99.53582079 110.30629942
  84.31434621  91.41112279  99.58070601 109.41322296 120.25408164
  78.61186136  85.29040371  92.20120248 118.86685135 132.6636365
  82.54585555  91.5673461   98.39032253 130.95659307 135.78367305
  89.28647776  97.60715389 107.26417718 118.89607285 131.88207223
  82.90251441  89.91208161  98.53028913 108.55731133 119.32778996
  91.13732264  98.23409922 106.40368244 116.23619938 127.07705807
  85.43483779  92.11338014  99.02417891 125.68982778 139.48661293
  89.36883198  98.39032253 105.21329895 137.7795695  142.60664948
  96.10945418 104.43013032 114.08715361 125.71904928 138.70504866
  89.72549083  96.73505804 105.35326556 115.38028776 126.15076639
 123.70359318 130.80036976 138.96995298 148.80246993 159.64332861
 118.00110833 124.67965068 131.59044945 158.25609832 172.05288347
 121.93510252 130.95659307 137.7795695  170.34584004 175.17292002
 128.67572473 136.99640087 146.65342415 158.28531982 171.2713192
 122.29176138 129.30132858 137.9195361  147.9465583  158.71703693
 128.53067316 135.62744974 143.79703296 153.62954991 164.47040859
 122.82818831 129.50673066 136.41752943 163.0831783  176.87996345
 126.7621825  135.78367305 142.60664948 175.17292002 180.
 133.50280471 141.82348085 151.48050413 163.1123998  176.09839918
 127.11884136 134.12840857 142.74661608 152.77363829 163.54411691
  82.03347787  89.13025445  97.29983767 107.13235461 117.9732133
  76.33099302  83.00953537  89.92033414 116.58598301 130.38276816
  80.26498721  89.28647776  96.10945418 128.67572473 133.50280471
  87.00560941  95.32628555 104.98330884 116.61520451 129.60120388
  80.62164606  87.63121327  96.24942079 106.27644299 117.04692162
  90.35415401  97.45093059 105.62051381 115.45303075 126.29388944
  84.65166916  91.33021151  98.24101028 124.90665915 138.7034443
  88.58566335  97.60715389 104.43013032 136.99640087 141.82348085
  95.32628555 103.64696169 113.30398498 124.93588065 137.92188002
  88.9423222   95.95188941 104.57009693 114.59711913 125.36759776
 100.01117729 107.10795387 115.27753709 125.11005404 135.95091272
  94.30869244 100.98723479 107.89803356 134.56368243 148.36046758
  98.24268663 107.26417718 114.08715361 146.65342415 151.48050413
 104.98330884 113.30398498 122.96100826 134.59290393 147.57890331
  98.59934549 105.60891269 114.22712021 124.25414242 135.02462104
 111.64307296 118.73984954 126.90943276 136.74194971 147.58280839
 105.94058811 112.61913046 119.52992923 146.1955781  159.99236325
 109.8745823  118.89607285 125.71904928 158.28531982 163.1123998
 116.61520451 124.93588065 134.59290393 146.2247996  159.21079898
 110.23124116 117.24080836 125.85901588 135.88603808 146.65651671
 124.62907234 131.72584892 139.89543214 149.72794908 160.56880777
 118.92658749 125.60512984 132.51592861 159.18157748 172.97836263
 122.86058168 131.88207223 138.70504866 171.2713192  176.09839918
 129.60120388 137.92188002 147.57890331 159.21079898 172.19679836
 123.21724054 130.22680774 138.84501526 148.87203746 159.64251609
  75.64951452  82.7462911   90.91587432 100.74839126 111.58924995
  69.94702967  76.62557202  83.53637079 110.20201966 123.99880481
  73.88102386  82.90251441  89.72549083 122.29176138 127.11884136
  80.62164606  88.9423222   98.59934549 110.23124116 123.21724054
  74.23768272  81.24724992  89.86545744  99.89247964 110.66295827
  82.65908173  89.75585831  97.92544153 107.75795847 118.59881716
  76.95659688  83.63513923  90.545938   117.21158687 131.00837202
  80.89059107  89.91208161  96.73505804 129.30132858 134.12840857
  87.63121327  95.95188941 105.60891269 117.24080836 130.22680774
  81.24724992  88.25681713  96.87502465 106.90204685 117.67252548
  91.27728925  98.37406582 106.54364905 116.37616599 127.21702468
  85.5748044   92.25334675  99.16414552 125.82979439 139.62657954
  89.50879859  98.53028913 105.35326556 137.9195361  142.74661608
  96.24942079 104.57009693 114.22712021 125.85901588 138.84501526
  89.86545744  96.87502465 105.49323217 115.52025437 126.290733
 101.30431145 108.40108803 116.57067125 126.40318819 137.24404688
  95.6018266  102.28036895 109.19116772 135.85681659 149.65360174
  99.53582079 108.55731133 115.38028776 147.9465583  152.77363829
 106.27644299 114.59711913 124.25414242 135.88603808 148.87203746
  99.89247964 106.90204685 115.52025437 125.54727657 136.3177552
 112.07479008 119.17156665 127.34114988 137.17366682 148.01452551
 106.37230523 113.05084758 119.96164635 146.62729522 160.42408037
 110.30629942 119.32778996 126.15076639 158.71703693 163.54411691
 117.04692162 125.36759776 135.02462104 146.65651671 159.64251609
 110.66295827 117.67252548 126.290733   136.3177552  147.08823383]


Map:
[['O' 'O' 'O' 'O' 'O']
 ['O' 'X' 'X' 'O' 'O']
 ['O' 'O' 'S' 'O' 'O']
 ['O' 'X' 'X' 'O' 'O']
 ['O' 'O' 'S' 'O' 'O']]
Number of agents: 2
p_e = 0.2
Rewards:
[[ 0  0  0  0 -1]
 [ 0  0  0  0 -1]
 [ 0  0 10  0 -1]
 [ 0  0  0  0 -1]
 [ 0  0  1  0 -1]]
Collision Penalty R_C = -1
gamma = 0.9

Generating optimal policy using VI
0
1
2
3
4
5
6
7
8
9
10
11
12
13
14
15
16
17
18
19
20
21
22
23
24
25
26
27
28
29
30
31
32
33
34
35
36
37
38
39
40
41
42
43
44
45
46
47
48
49
50
51
52
53
54
55
56
57
58
59
60
61
62
63
64
65
66
67
68
69
70
71
Used 72 value iterations to find optimal policy
Policy:
[['d' 'd']
 ['d' 'd']
 ['d' 'r']
 ...
 ['l' 'l']
 ['l' 'l']
 ['l' 'l']]
Values:
[107.50671128 116.83257346 127.57104091 116.83278139 107.51070823
 100.05839521 126.74153829 140.56039122 126.74518336 100.13189858
 106.09900353 138.78967195 143.71224581 138.85657106 106.33683922
 115.14136901 126.22455005 139.08791792 126.22845198 115.21417487
 106.69533379 115.96563252 126.10077681 115.97173222 106.75625253
 116.83257346 126.15843564 136.89690309 126.15864357 116.83657041
 109.38425739 136.06740047 149.8862534  136.07104554 109.45776076
 115.42486571 148.11553413 153.03810799 148.18243324 115.6627014
 124.46723119 135.55041223 148.4137801  135.55431416 124.54003705
 116.02119597 125.2914947  135.42663899 125.29759441 116.08211471
 127.57104091 136.89690309 147.63537054 136.89711102 127.57503786
 120.12272484 146.80586792 160.62472085 146.80951299 120.19622821
 126.16333316 158.85400158 163.77657544 158.92090069 126.40116885
 135.20569864 146.28887968 159.15224754 146.29278161 135.2785045
 126.75966342 136.02996215 146.16510644 136.03606185 126.82058216
 116.83278139 126.15864357 136.89711102 126.15885151 116.83677834
 109.38446533 136.06760841 149.88646133 136.07125347 109.45796869
 115.42507364 148.11574206 153.03831592 148.18264118 115.66290933
 124.46743912 135.55062017 148.41398803 135.55452209 124.54024499
 116.02140391 125.29170264 135.42684692 125.29780234 116.08232264
 107.51070823 116.83657041 127.57503786 116.83677834 107.51470518
 100.06239217 126.74553525 140.56438817 126.74918031 100.13589553
 106.10300048 138.7936689  143.71624276 138.86056801 106.34083617
 115.14536596 126.22854701 139.09191487 126.23244893 115.21817182
 106.69933075 115.96962948 126.10477376 115.97572918 106.76024948
 100.05839521 109.38425739 120.12272484 109.38446533 100.06239217
  92.61007915 119.29322223 133.11207515 119.29686729  92.68358251
  98.65068746 131.34135588 136.26392974 131.408255    98.88852315
 107.69305295 118.77623399 131.63960185 118.78013591 107.76585881
  99.24701773 108.51731646 118.65246074 108.52341616  99.30793647
 126.74153829 136.06740047 146.80586792 136.06760841 126.74553525
 119.29322223 145.97636531 159.79521823 145.98001037 119.3667256
 125.33383054 158.02449896 162.94707282 158.09139808 125.57166623
 134.37619603 145.45937707 158.32274493 145.46327899 134.44900189
 125.93016081 135.20045954 145.33560382 135.20655924 125.99107955
 140.56039122 149.8862534  160.62472085 149.88646133 140.56438817
 133.11207515 159.79521823 173.61407116 159.7988633  133.18557852
 139.15268347 171.84335189 176.76592575 171.910251   139.39051916
 148.19504895 159.27822999 172.14159786 159.28213192 148.26785481
 139.74901373 149.01931246 159.15445675 149.02541216 139.80993247
 126.74518336 136.07104554 146.80951299 136.07125347 126.74918031
 119.29686729 145.98001037 159.7988633  145.98365544 119.37037066
 125.33747561 158.02814403 162.95071789 158.09504314 125.5753113
 134.37984109 145.46302213 158.32639    145.46692406 134.45264695
 125.93380587 135.2041046  145.33924889 135.2102043  125.99472461
 100.13189858 109.45776076 120.19622821 109.45796869 100.13589553
  92.68358251 119.3667256  133.18557852 119.37037066  92.75708588
  98.72419083 131.41485925 136.33743311 131.48175836  98.96202652
 107.76655631 118.84973736 131.71310522 118.85363928 107.83936217
  99.3205211  108.59081983 118.72596411 108.59691953  99.38143983
 106.09900353 115.42486571 126.16333316 115.42507364 106.10300048
  98.65068746 125.33383054 139.15268347 125.33747561  98.72419083
 104.69129578 137.3819642  142.30453806 137.44886331 104.92913147
 113.73366126 124.81684231 137.68021017 124.82074423 113.80646712
 105.28762604 114.55792477 124.69306906 114.56402448 105.34854478
 138.78967195 148.11553413 158.85400158 148.11574206 138.7936689
 131.34135588 158.02449896 171.84335189 158.02814403 131.41485925
 137.3819642  170.07263262 174.99520648 170.13953173 137.61979989
 146.42432968 157.50751072 170.37087859 157.51141265 146.49713554
 137.97829446 147.24859319 157.38373748 147.2546929  138.0392132
 143.71224581 153.03810799 163.77657544 153.03831592 143.71624276
 136.26392974 162.94707282 176.76592575 162.95071789 136.33743311
 142.30453806 174.99520648 179.91778034 175.06210559 142.54237375
 151.34690354 162.43008458 175.29345245 162.43398651 151.4197094
 142.90086832 152.17116705 162.30631134 152.17726675 142.96178706
 138.85657106 148.18243324 158.92090069 148.18264118 138.86056801
 131.408255   158.09139808 171.910251   158.09504314 131.48175836
 137.44886331 170.13953173 175.06210559 170.20643084 137.686699
 146.49122879 157.57440984 170.4377777  157.57831176 146.56403466
 138.04519358 147.31549231 157.45063659 147.32159201 138.10611231
 106.33683922 115.6627014  126.40116885 115.66290933 106.34083617
  98.88852315 125.57166623 139.39051916 125.5753113   98.96202652
 104.92913147 137.61979989 142.54237375 137.686699   105.16696716
 113.97149695 125.054678   137.91804586 125.05857992 114.04430281
 105.52546173 114.79576046 124.93090475 114.80186017 105.58638047
 115.14136901 124.46723119 135.20569864 124.46743912 115.14536596
 107.69305295 134.37619603 148.19504895 134.37984109 107.76655631
 113.73366126 146.42432968 151.34690354 146.49122879 113.97149695
 122.77602674 133.85920779 146.72257565 133.86310971 122.8488326
 114.32999153 123.60029026 133.73543454 123.60638996 114.39091026
 126.22455005 135.55041223 146.28887968 135.55062017 126.22854701
 118.77623399 145.45937707 159.27822999 145.46302213 118.84973736
 124.81684231 157.50751072 162.43008458 157.57440984 125.054678
 133.85920779 144.94238883 157.80575669 144.94629075 133.93201365
 125.41317257 134.6834713  144.81861558 134.689571   125.47409131
 139.08791792 148.4137801  159.15224754 148.41398803 139.09191487
 131.63960185 158.32274493 172.14159786 158.32639    131.71310522
 137.68021017 170.37087859 175.29345245 170.4377777  137.91804586
 146.72257565 157.80575669 170.66912455 157.80965862 146.79538151
 138.27654043 147.54683916 157.68198344 147.55293886 138.33745917
 126.22845198 135.55431416 146.29278161 135.55452209 126.23244893
 118.78013591 145.46327899 159.28213192 145.46692406 118.85363928
 124.82074423 157.51141265 162.43398651 157.57831176 125.05857992
 133.86310971 144.94629075 157.80965862 144.95019268 133.93591557
 125.41707449 134.68737322 144.82251751 134.69347292 125.47799323
 115.21417487 124.54003705 135.2785045  124.54024499 115.21817182
 107.76585881 134.44900189 148.26785481 134.45264695 107.83936217
 113.80646712 146.49713554 151.4197094  146.56403466 114.04430281
 122.8488326  133.93201365 146.79538151 133.93591557 122.92163847
 114.40279739 123.67309612 133.8082404  123.67919582 114.46371612
 106.69533379 116.02119597 126.75966342 116.02140391 106.69933075
  99.24701773 125.93016081 139.74901373 125.93380587  99.3205211
 105.28762604 137.97829446 142.90086832 138.04519358 105.52546173
 114.32999153 125.41317257 138.27654043 125.41707449 114.40279739
 105.88395631 115.15425504 125.28939932 115.16035474 105.94487505
 115.96563252 125.2914947  136.02996215 125.29170264 115.96962948
 108.51731646 135.20045954 149.01931246 135.2041046  108.59081983
 114.55792477 147.24859319 152.17116705 147.31549231 114.79576046
 123.60029026 134.6834713  147.54683916 134.68737322 123.67309612
 115.15425504 124.42455377 134.55969805 124.43065347 115.21517378
 126.10077681 135.42663899 146.16510644 135.42684692 126.10477376
 118.65246074 145.33560382 159.15445675 145.33924889 118.72596411
 124.69306906 157.38373748 162.30631134 157.45063659 124.93090475
 133.73543454 144.81861558 157.68198344 144.82251751 133.8082404
 125.28939932 134.55969805 144.69484233 134.56579775 125.35031806
 115.97173222 125.29759441 136.03606185 125.29780234 115.97572918
 108.52341616 135.20655924 149.02541216 135.2102043  108.59691953
 114.56402448 147.2546929  152.17726675 147.32159201 114.80186017
 123.60638996 134.689571   147.55293886 134.69347292 123.67919582
 115.16035474 124.43065347 134.56579775 124.43675317 115.22127348
 106.75625253 116.08211471 126.82058216 116.08232264 106.76024948
  99.30793647 125.99107955 139.80993247 125.99472461  99.38143983
 105.34854478 138.0392132  142.96178706 138.10611231 105.58638047
 114.39091026 125.47409131 138.33745917 125.47799323 114.46371612
 105.94487505 115.21517378 125.35031806 115.22127348 106.00579378]

Generating optimal policy using PI
0
1
2
3
Used 4 policy iterations to find optimal policy
Policy:
[['d' 'd']
 ['d' 'd']
 ['d' 'r']
 ...
 ['l' 'l']
 ['l' 'l']
 ['l' 'l']]
Values:
[107.58893094 116.91479312 127.65326057 116.91500105 107.59292789
 100.14061488 126.82375796 140.64261088 126.82740302 100.21411824
 106.18122319 138.87189161 143.79446547 138.93879072 106.41905888
 115.22358867 126.30676972 139.17013758 126.31067164 115.29639453
 106.77755346 116.04785219 126.18299647 116.05395189 106.83847219
 116.91479312 126.2406553  136.97912275 126.24086324 116.91879007
 109.46647706 136.14962014 149.96847306 136.1532652  109.53998042
 115.50708537 148.19775379 153.12032765 148.2646529  115.74492106
 124.54945085 135.6326319  148.49599976 135.63653382 124.62225672
 116.10341564 125.37371437 135.50885865 125.37981407 116.16433437
 127.65326057 136.97912275 147.7175902  136.97933068 127.65725752
 120.20494451 146.88808759 160.70694051 146.89173265 120.27844787
 126.24555282 158.93622124 163.8587951  159.00312035 126.48338851
 135.2879183  146.37109935 159.23446721 146.37500127 135.36072416
 126.84188309 136.11218182 146.2473261  136.11828152 126.90280182
 116.91500105 126.24086324 136.97933068 126.24107117 116.91899801
 109.46668499 136.14982807 149.96868099 136.15347314 109.54018836
 115.50729331 148.19796173 153.12053558 148.26486084 115.745129
 124.54965879 135.63283983 148.49620769 135.63674175 124.62246465
 116.10362357 125.3739223  135.50906658 125.380022   116.16454231
 107.59292789 116.91879007 127.65725752 116.91899801 107.59692485
 100.14461183 126.82775491 140.64660783 126.83139997 100.21811519
 106.18522014 138.87588856 143.79846242 138.94278768 106.42305583
 115.22758563 126.31076667 139.17413453 126.31466859 115.30039149
 106.78155041 116.05184914 126.18699342 116.05794884 106.84246915
 100.14061488 109.46647706 120.20494451 109.46668499 100.14461183
  92.69229881 119.37544189 133.19429482 119.37908696  92.76580218
  98.73290713 131.42357555 136.34614941 131.49047466  98.97074282
 107.77527261 118.85845365 131.72182151 118.86235558 107.84807847
  99.32923739 108.59953612 118.73468041 108.60563582  99.39015613
 126.82375796 136.14962014 146.88808759 136.14982807 126.82775491
 119.37544189 146.05858497 159.8774379  146.06223004 119.44894526
 125.41605021 158.10671863 163.02929249 158.17361774 125.6538859
 134.45841569 145.54159673 158.40496459 145.54549866 134.53122155
 126.01238047 135.2826792  145.41782349 135.2887789  126.07329921
 140.64261088 149.96847306 160.70694051 149.96868099 140.64660783
 133.19429482 159.8774379  173.69629082 159.88108296 133.26779818
 139.23490313 171.92557155 176.84814541 171.99247066 139.47273882
 148.27726861 159.36044966 172.22381752 159.36435158 148.35007447
 139.8312334  149.10153213 159.23667641 149.10763183 139.89215213
 126.82740302 136.1532652  146.89173265 136.15347314 126.83139997
 119.37908696 146.06223004 159.88108296 146.0658751  119.45259032
 125.41969527 158.11036369 163.03293755 158.1772628  125.65753096
 134.46206075 145.5452418  158.40860966 145.54914372 134.53486662
 126.01602554 135.28632427 145.42146855 135.29242397 126.07694427
 100.21411824 109.53998042 120.27844787 109.54018836 100.21811519
  92.76580218 119.44894526 133.26779818 119.45259032  92.83930554
  98.80641049 131.49707891 136.41965277 131.56397803  99.04424618
 107.84877597 118.93195702 131.79532488 118.93585894 107.92158184
  99.40274076 108.67303949 118.80818377 108.67913919  99.46365949
 106.18122319 115.50708537 126.24555282 115.50729331 106.18522014
  98.73290713 125.41605021 139.23490313 125.41969527  98.80641049
 104.77351544 137.46418386 142.38675772 137.53108298 105.01135113
 113.81588092 124.89906197 137.76242983 124.90296389 113.88868679
 105.36984571 114.64014444 124.77528872 114.64624414 105.43076444
 138.87189161 148.19775379 158.93622124 148.19796173 138.87588856
 131.42357555 158.10671863 171.92557155 158.11036369 131.49707891
 137.46418386 170.15485228 175.07742614 170.2217514  137.70201955
 146.50654934 157.58973039 170.45309825 157.59363231 146.57935521
 138.06051413 147.33081286 157.46595714 147.33691256 138.12143286
 143.79446547 153.12032765 163.8587951  153.12053558 143.79846242
 136.34614941 163.02929249 176.84814541 163.03293755 136.41965277
 142.38675772 175.07742614 180.         175.14432525 142.62459341
 151.4291232  162.51230425 175.37567211 162.51620617 151.50192906
 142.98308799 152.25338672 162.388531   152.25948642 143.04400672
 138.93879072 148.2646529  159.00312035 148.26486084 138.94278768
 131.49047466 158.17361774 171.99247066 158.1772628  131.56397803
 137.53108298 170.2217514  175.14432525 170.28865051 137.76891867
 146.57344846 157.6566295  170.51999736 157.66053142 146.64625432
 138.12741324 147.39771197 157.53285625 147.40381167 138.18833198
 106.41905888 115.74492106 126.48338851 115.745129   106.42305583
  98.97074282 125.6538859  139.47273882 125.65753096  99.04424618
 105.01135113 137.70201955 142.62459341 137.76891867 105.24918682
 114.05371661 125.13689766 138.00026552 125.14079958 114.12652248
 105.6076814  114.87798013 125.01312441 114.88407983 105.66860013
 115.22358867 124.54945085 135.2879183  124.54965879 115.22758563
 107.77527261 134.45841569 148.27726861 134.46206075 107.84877597
 113.81588092 146.50654934 151.4291232  146.57344846 114.05371661
 122.85824641 133.94142745 146.80479531 133.94532937 122.93105227
 114.41221119 123.68250992 133.8176542  123.68860962 114.47312993
 126.30676972 135.6326319  146.37109935 135.63283983 126.31076667
 118.85845365 145.54159673 159.36044966 145.5452418  118.93195702
 124.89906197 157.58973039 162.51230425 157.6566295  125.13689766
 133.94142745 145.02460849 157.88797636 145.02851042 134.01423331
 125.49539223 134.76569096 144.90083525 134.77179066 125.55631097
 139.17013758 148.49599976 159.23446721 148.49620769 139.17413453
 131.72182151 158.40496459 172.22381752 158.40860966 131.79532488
 137.76242983 170.45309825 175.37567211 170.51999736 138.00026552
 146.80479531 157.88797636 170.75134422 157.89187828 146.87760117
 138.3587601  147.62905883 157.76420311 147.63515853 138.41967883
 126.31067164 135.63653382 146.37500127 135.63674175 126.31466859
 118.86235558 145.54549866 159.36435158 145.54914372 118.93585894
 124.90296389 157.59363231 162.51620617 157.66053142 125.14079958
 133.94532937 145.02851042 157.89187828 145.03241234 134.01813523
 125.49929416 134.76959289 144.90473717 134.77569259 125.56021289
 115.29639453 124.62225672 135.36072416 124.62246465 115.30039149
 107.84807847 134.53122155 148.35007447 134.53486662 107.92158184
 113.88868679 146.57935521 151.50192906 146.64625432 114.12652248
 122.93105227 134.01423331 146.87760117 134.01813523 123.00385813
 114.48501705 123.75531578 133.89046006 123.76141548 114.54593579
 106.77755346 116.10341564 126.84188309 116.10362357 106.78155041
  99.32923739 126.01238047 139.8312334  126.01602554  99.40274076
 105.36984571 138.06051413 142.98308799 138.12741324 105.6076814
 114.41221119 125.49539223 138.3587601  125.49929416 114.48501705
 105.96617597 115.2364747  125.37161899 115.2425744  106.02709471
 116.04785219 125.37371437 136.11218182 125.3739223  116.05184914
 108.59953612 135.2826792  149.10153213 135.28632427 108.67303949
 114.64014444 147.33081286 152.25338672 147.39771197 114.87798013
 123.68250992 134.76569096 147.62905883 134.76959289 123.75531578
 115.2364747  124.50677343 134.64191772 124.51287313 115.29739344
 126.18299647 135.50885865 146.2473261  135.50906658 126.18699342
 118.73468041 145.41782349 159.23667641 145.42146855 118.80818377
 124.77528872 157.46595714 162.388531   157.53285625 125.01312441
 133.8176542  144.90083525 157.76420311 144.90473717 133.89046006
 125.37161899 134.64191772 144.777062   134.64801742 125.43253772
 116.05395189 125.37981407 136.11828152 125.380022   116.05794884
 108.60563582 135.2887789  149.10763183 135.29242397 108.67913919
 114.64624414 147.33691256 152.25948642 147.40381167 114.88407983
 123.68860962 134.77179066 147.63515853 134.77569259 123.76141548
 115.2425744  124.51287313 134.64801742 124.51897284 115.30349314
 106.83847219 116.16433437 126.90280182 116.16454231 106.84246915
  99.39015613 126.07329921 139.89215213 126.07694427  99.46365949
 105.43076444 138.12143286 143.04400672 138.18833198 105.66860013
 114.47312993 125.55631097 138.41967883 125.56021289 114.54593579
 106.02709471 115.29739344 125.43253772 115.30349314 106.08801345]


Map:
[['O' 'O' 'O' 'O' 'O']
 ['O' 'X' 'X' 'O' 'O']
 ['O' 'O' 'S' 'O' 'O']
 ['O' 'X' 'X' 'O' 'O']
 ['O' 'O' 'S' 'O' 'O']]
Number of agents: 2
p_e = 0.2
Rewards:
[[   0    0    0    0 -100]
 [   0    0    0    0 -100]
 [   0    0    1    0 -100]
 [   0    0    0    0 -100]
 [   0    0    5    0 -100]]
Collision Penalty R_C = -1
gamma = 0.9

Generating optimal policy using VI
0
1
2
3
4
5
6
7
8
9
10
11
